731030427
-658876845
1053848427
-1326170019
1601501812
1485864347
104059288
1029097591
-1366762998
2075096573
698253402
2050231518
773406189
-437297314
-88422549
-292054398
-878952258
-1144915478
-1611570305
-1412796610
1657787156
720198947
718631370
1687083269
1219525795
-1940747204
-127594556
-1193372581
95980443
-577209432
-1571966160
-221782521
-942123443
235494381
1573879385
1369271302
-1736543468
-1602667075
-1127541601
192446914
-1760490894
-2115345594
-2076593359
1363907460
-1163417735
1259655880
-653815269
-2101924570
-253285781
-415498648
-851127933
-205910004
-1177042524
1444320580
1277261614
-93275052
-1415115592
-835071546
929906761
-1381508789
63360472
1522194749
-174306458
-1052233437
-1493512839
1858994345
-1344414012
718943202
-1511074762
777325269
-1797075245
-909494882
-1575493899
-3492949
-490387210
-1007297561
-986582711
-1542775613
-1990457718
-492933501
-2032260585
-1604456644
1918839846
895680352
1039859323
1746945743
-161130204
60857798
-1601519892
-491144671
-1859933344
2143684811
1805306525
-1184295849
1556331327
1460376844
-1495263962
740987887
1473172467
-1579730535
1810096739
-20790578
-1688343556
-1591740367
15064220
-1407829100
-734912015
1252201646
306637030
1470623799
-246300289
-873410622
614620616
-1600338481
-1174268750
-1166173981
603029536
1346148782
196511091
-1472205949
-2089850297
-53083213
-753806511
-936227963
1689370995
-764712481
1637769603
1737757931
80534877
1239759144
-928063187
1731924691
1923106339
1190025101
556325858
-286060125
-1412256658
-916642966
-1542528406
453501059
1825750999
-1705208819
-1195875388
-454461941
-1515944058
1957580680
1879142510
2057382973
-409394916
-2087204408
-1751323165
1221216181
-1450636846
1922679014
-1168638364
1194278430
-1090038302
-97342787
432382203
1951428584
1166440997
14804924
1337314748
-1624225481
-288519171
1152044796
-1303670195
-1542717922
1822890868
-1649154156
1891234473
-2023270900
-1264514139
1737483052
1357353504
-2042283386
1581714778
1904422352
-340432735
1506671894
-390619146
133310214
-1364916165
-616593277
-938623851
-1756276703
-94423327
-1441599167
-1508405391
78789591
-1503403923
-452585173
-696982649
-425956591
2134418663
-697345425
314451065
596394754
-33847546
1076653512
-1040246090
1332566138
1116962550
-891486222
1440662999
804801660
219215195
-1037260197
1233123660
-1371482611
460090005
1945584406
-1866686665
-751168178
2129776197
625850388
1947714967
985957325
-2071246064
-32446059
-52373079
1043994135
84314786
-1657063461
-406538870
1503814289
-90458634
1145616417
682583072
1996611975
799913427
-356956981
464240443
-1496016251
-1540393063
-1029251875
-1449374730
-1124740379
-879609283
673056433
-1350895261
-2093248087
819799953
-175298076
-2122078874
2493578
298761672
1400575121
998738913
1299206737
-1863529159
1342447553
-488242159
-649017756
-1318056349
-1902074079
-7786441
-1290976861
591696945
-642856971
-167017606
-915411852
958963326
677681997
-267042293
887563804
998740186
342843253
-1085317238
-924054192
-1337519730
-975747919
-985964632
233864715
1855493341
17223977
1293294860
1473157282
1044502668
1833963554
-689595782
700524053
-403500124
-113704850
-500153806
1368223143
-1737892234
-931400154
-975292522
-1124315217
646715104
-1656757355
-408183026
-1068910160
-1919531827
-1378370186
714932271
1594804135
-466795775
1100443234
257238554
-862181724
1876635670
-448787069
-985783774
973048988
-1770263615
560745613
913134769
-1337435779
1285399641
646009071
-196829077
38581633
-316786534
423062597
1179724691
1131528390
-610897499
-2079234033
-1979034706
-301029346
-323987125
-732931928
-2028357787
1428927268
-845795190
-815977616
1929345711
-807690353
-897856937
662725707
-1770772177
-2122392118
-1407431011
122928719
18602714
-819625277
2032314757
-908024904
2067037916
-1606548733
-887936264
-1927696097
455307452
-183760130
-357492127
-1131628565
476363709
960759980
-431799625
-1374817273
10530951
-371377577
1757854394
2029283541
-1194151673
-1544202570
-464556676
227187042
-843688302
-859954629
130688802
1825968090
-631351728
-1726052951
-515102229
-1676974019
1814742999
70646248
643338097
1647039058
-1500859882
126508316
323222063
346308316
693043828
1133872371
509827906
815115275
1544770104
-320265666
1396363379
1827751221
-1163715030
-965424701
-911352203
2097826245
1133007995
-840747440
360876906
1055584115
358243553
-255780845
1067261355
1540928437
1462959878
695272745
1685226184
-146288524
522242850
387276660
1049338573
1615120387
1824844006
-321764431
13902791
2119580748
-389779301
810997192
118710662
71861579
-1181502837
2126413414
597073315
611826368
-710668129
-1764758072
201305028
1514415392
543379017
1906898906
2090573342
-693614132
-855278940
-867984000
-1109838277
-1448671611
-704587560
1311889202
-223404547
45838366
1421175491
1773335758
-448910110
-287610766
-1875901995
807315113
1492925832
507060120
1049819707
13566950
1937266547
905901141
-1599273921
561259019
-963563250
1980000209
1692966893
-1169092144
1828933103
1865554062
340078330
948655418
2093235551
-935987051
-877346591
-374136088
-1779122920
-1433914639
742915407
2134641325
1368114256
752120929
1598279873
-1543319714
-730285322
-1595765944
1322434410
-1837725204
1662738747
-44789016
1925055065
-1530369612
-774624429
239082959
-658976037
-1159289323
1918375292
-1106570352
327845917
1899787587
1050620991
-1454623306
302672662
-126215078
-1577745163
-2013626378
1084908707
-1220186954
1126810252
1932908451
-461641229
467944065
-2142354805
346472038
393005860
1526192268
289152594
-1306919891
-651179986
-1837562526
843656358
1490580579
287248384
-2104314470
1084591981
663394914
1369771496
-101107859
1306384821
-1904592603
2140809527
909257607
-1672801798
-67337662
-439592156
-349556959
1930040488
-1460037610
-1865433360
-709717169
1235753694
1730545473
1334149195
-1420642922
-95786636
1926619988
1136184310
-1132606015
-1057788865
1419279049
1376233128
-1644739340
535282067
-28912077
-481833419
-398661119
-530974200
589199030
-1711929107
1634703098
-341045119
-1507522632
-834631870
1554521094
-2130583958
615053272
-1457308755
2049934200
-1261432768
-1753338594
-1927852847
1273955101
1489460822
-1277867916
2135229919
1373449941
-1976300075
-1082184619
2033838396
-1066188700
-1612317181
-1957315901
-686110367
411994249
-147470904
77463166
-2090595325
-1580245680
-436230802
-1966656654
2110290803
-943187548
-1783279448
-450010512
-119453114
1952711208
-1103899435
1002275873
-2140656328
538387270
-1642389627
-255566025
-2116112563
535133319
1849223483
957388260
-1441520583
-77525723
779159668
354653839
-181543679
1587779038
-1733725976
297034693
317424353
-1220402166
1373659919
1652713325
136035440
881179119
-285765658
1604699455
1322483969
-870995884
-366529294
-1100095369
1396489804
-235573933
1404597381
-1833563963
553071694
-561959821
2094427711
-140279162
-1622103187
-734981131
2050612183
1581211193
2001201374
-1164098706
-1905576421
-795749589
-274725557
1237387157
-57432523
-804515467
-679474769
-1323991202
-1516943569
-513229016
1232402052
1057553991
363297720
-704998202
1433049376
-1076248591
1228692519
-1511797517
-896412836
-1674592015
-1463779136
1596480363
-1603192458
-918892312
1276554294
-1506271434
986131000
1255616976
80026225
1420657690
-1263352487
-578004840
-2132641903
1842366289
-418683870
-1352752397
-584269007
1563644796
1109686356
1151735405
-2104187921
-306190377
1052112200
2125036735
1194061612
-1108377939
-360732840
-2049019549
-1810994928
-65460467
1572871549
1050948713
633864400
-1295104579
217975097
643323531
-1154740941
-594677394
1764571319
-1929276801
1405439313
1188388401
-182022352
918448012
591311262
570887209
1694277519
2095728992
111227174
218738050
-399717033
314931487
-2092749031
-1004865631
-179890236
-107422785
1510618250
425841564
-1163594960
-435134062
-1134034317
-158424596
1315558584
555471652
-1350025220
1083147617
1317950495
-1555097786
632572156
743041365
1918961649
-138918294
-1840848705
-190204124
-1745453077
464723762
31575305
-1301680421
-1145831014
-1448693694
456367451
201430830
-1934169279
-837596323
1824268916
2069575855
-1600855809
-836495953
1709333018
1588353085
-1307629519
-698824345
-1516842215
86353082
-1961503467
-1005486967
-2098606708
1854655488
-786583889
521109761
-55796902
-1051448556
-1651118865
1302049274
2024408323
1021300124
-1183238893
-1741438352
-780552548
136474766
1019705418
94724355
1336867096
128613418
-546531175
-1080605426
6503368
1809459497
1123153922
653097208
-601804252
-395229898
295130594
947353033
-700610101
881478301
-766402918
1647043584
-235504440
891600706
2012516722
-1994451549
545506326
-410906925
-692690759
765365654
-170611098
322524225
-1937067984
1454188592
961699614
20563563
1757713832
230734091
1222146469
-465912804
-1002078232
-1604636133
-25772835
1939045175
1870211029
-735664127
-508407056
308561713
750579660
-1931688031
2066078031
228418238
248730962
-1229483791
-2117376776
1258813646
1508530415
1437756180
-1406400777
-1388306246
-1396309930
1858069926
1499764014
1674473914
-1660004663
-1115047079
782744407
-24979046
-1747808325
1150675392
-1713268662
-15095123
-1538707530
1208283754
-643732613
-1756424959
-1527816322
164272435
1773278919
-2095808812
1353174391
444838870
991066223
1910403141
1822146883
-1994334523
-376774300
507053646
-962116177
113716028
-1322439740
591143153
692292815
-523953517
2128688548
1666695345
2070999654
-1047823661
1626850320
-1367062717
-1688977268
-1870727028
1675235919
2120847237
1196497546
-1334806043
-1685286550
-2134175569
-1046105592
-1026058508
-1860199441
582385863
1412049514
197903184
1536238066
-187323814
-1491579274
2104360163
1917751636
438004072
350649401
1245582340
1689681479
-1190198369
9104171
-235675452
2045628432
-864530484
1361752209
-316278393
928282127
-1788714866
-662034910
512540374
-1776162564
764520012
-1228237075
-834023308
2054290547
1508228200
274421369
1233731502
-1148271439
1055806900
1354933805
5444343
-1228106593
847117348
272960754
-1447498061
941185040
-1166239803
-1179122410
754251603
1034997319
921104622
-1690885005
-1177796447
1132161211
-1979211340
-566156592
483941980
-558509539
-775345502
1546936966
1249962503
1339777433
1724391081
-1451696282
-1096347139
-1615987108
-2067293611
1847568346
1687324105
-254134442
1536784962
77481033
-1815063628
39752512
-1565588275
-791760704
1890159518
-875995936
-341968115
683855054
-488588527
-2083491957
-734968572
2021942702
-389900653
-402995221
1314630929
1607024299
1887921211
-380904190
-1630118231
1731509184
197655430
-497220242
-1986257850
-130608514
-912101782
-1622053650
-1324523362
154412338
-1453871189
-69902812
815324952
1570401350
1508690542
-417209188
1770461051
-516648473
552566539
-1240855795
926871784
-41507864
-1540925145
-811124259
-347828214
1773273061
486118144
-1232176662
-1751982965
-546742869
-237544950
-19882105
318990793
-198140969
1735608507
-190602812
2122299081
-1682296132
-1175180893
548643314
-839779989
955150729
1932023742
-906074267
1419438303
-1387861589
-820097011
1778668411
-1529529513
1005235312
-641972126
1531318749
1051118334
-308396308
523886460
-71923452
-905275865
