-2142354805
-2140656328
-2134175569
-2132641903
-2130583958
-2122392118
-2122078874
-2117376776
-2116112563
-2115345594
-2104314470
-2104187921
-2101924570
-2098606708
-2095808812
-2093248087
-2092749031
-2090595325
-2089850297
-2087204408
-2083491957
-2079234033
-2076593359
-2071246064
-2067293611
-2049019549
-2042283386
-2032260585
-2028357787
-2023270900
-2013626378
-1994451549
-1994334523
-1990457718
-1986257850
-1979211340
-1979034706
-1976300075
-1966656654
-1961503467
-1957315901
-1940747204
-1937067984
-1934169279
-1931688031
-1929276801
-1927852847
-1927696097
-1919531827
-1905576421
-1904592603
-1902074079
-1875901995
-1870727028
-1866686665
-1865433360
-1863529159
-1860199441
-1859933344
-1840848705
-1837725204
-1837562526
-1833563963
-1815063628
-1810994928
-1797075245
-1788714866
-1783279448
-1779122920
-1776162564
-1770772177
-1770263615
-1764758072
-1760490894
-1756424959
-1756276703
-1753338594
-1751982965
-1751323165
-1747808325
-1745453077
-1741438352
-1737892234
-1736543468
-1733725976
-1726052951
-1713268662
-1711929107
-1705208819
-1690885005
-1688977268
-1688343556
-1685286550
-1682296132
-1676974019
-1674592015
-1672801798
-1660004663
-1657063461
-1656757355
-1651118865
-1649154156
-1644739340
-1642389627
-1630118231
-1624225481
-1622103187
-1622053650
-1615987108
-1612317181
-1611570305
-1606548733
-1604636133
-1604456644
-1603192458
-1602667075
-1601519892
-1600855809
-1600338481
-1599273921
-1595765944
-1591740367
-1580245680
-1579730535
-1577745163
-1575493899
-1571966160
-1565588275
-1555097786
-1544202570
-1543319714
-1542775613
-1542717922
-1542528406
-1540925145
-1540393063
-1538707530
-1530369612
-1529529513
-1527816322
-1516943569
-1516842215
-1515944058
-1511797517
-1511074762
-1508405391
-1507522632
-1506271434
-1503403923
-1500859882
-1496016251
-1495263962
-1493512839
-1491579274
-1472205949
-1463779136
-1460037610
-1457308755
-1454623306
-1453871189
-1451696282
-1450636846
-1449374730
-1448693694
-1448671611
-1447498061
-1441599167
-1441520583
-1433914639
-1420642922
-1415115592
-1412796610
-1412256658
-1407829100
-1407431011
-1406400777
-1396309930
-1388306246
-1387861589
-1381508789
-1378370186
-1374817273
-1371482611
-1367062717
-1366762998
-1364916165
-1352752397
-1350895261
-1350025220
-1344414012
-1337519730
-1337435779
-1334806043
-1326170019
-1324523362
-1323991202
-1322439740
-1318056349
-1307629519
-1306919891
-1303670195
-1301680421
-1295104579
-1290976861
-1277867916
-1264514139
-1263352487
-1261432768
-1240855795
-1232176662
-1229483791
-1228237075
-1228106593
-1220402166
-1220186954
-1195875388
-1194151673
-1193372581
-1190198369
-1184295849
-1183238893
-1181502837
-1179122410
-1177796447
-1177042524
-1175180893
-1174268750
-1169092144
-1168638364
-1166239803
-1166173981
-1164098706
-1163715030
-1163594960
-1163417735
-1159289323
-1154740941
-1148271439
-1145831014
-1144915478
-1134034317
-1132606015
-1131628565
-1127541601
-1124740379
-1124315217
-1115047079
-1109838277
-1108377939
-1106570352
-1103899435
-1100095369
-1096347139
-1090038302
-1085317238
-1082184619
-1080605426
-1076248591
-1068910160
-1066188700
-1057788865
-1052233437
-1051448556
-1047823661
-1046105592
-1040246090
-1037260197
-1029251875
-1026058508
-1007297561
-1005486967
-1004865631
-1002078232
-986582711
-985964632
-985783774
-975747919
-975292522
-965424701
-963563250
-962116177
-943187548
-942123443
-938623851
-936227963
-935987051
-931400154
-928063187
-924054192
-918892312
-916642966
-915411852
-912101782
-911352203
-909494882
-908024904
-906074267
-905275865
-897856937
-896412836
-891486222
-887936264
-879609283
-878952258
-877346591
-875995936
-873410622
-870995884
-867984000
-864530484
-862181724
-859954629
-855278940
-851127933
-845795190
-843688302
-840747440
-839779989
-837596323
-836495953
-835071546
-834631870
-834023308
-820097011
-819625277
-815977616
-811124259
-807690353
-804515467
-795749589
-791760704
-786583889
-780552548
-775345502
-774624429
-766402918
-764712481
-753806511
-751168178
-735664127
-734981131
-734968572
-734912015
-732931928
-730285322
-710668129
-709717169
-704998202
-704587560
-700610101
-698824345
-697345425
-696982649
-693614132
-692690759
-689595782
-686110367
-679474769
-662034910
-658976037
-658876845
-653815269
-651179986
-649017756
-643732613
-642856971
-641972126
-631351728
-616593277
-610897499
-601804252
-594677394
-584269007
-578004840
-577209432
-566156592
-561959821
-558509539
-546742869
-546531175
-530974200
-523953517
-516648473
-515102229
-513229016
-508407056
-500153806
-497220242
-492933501
-491144671
-490387210
-488588527
-488242159
-481833419
-466795775
-465912804
-464556676
-461641229
-454461941
-452585173
-450010512
-448910110
-448787069
-439592156
-437297314
-436230802
-435134062
-431799625
-425956591
-418683870
-417209188
-415498648
-410906925
-409394916
-408183026
-406538870
-403500124
-402995221
-399717033
-398661119
-395229898
-390619146
-389900653
-389779301
-380904190
-376774300
-374136088
-371377577
-366529294
-360732840
-357492127
-356956981
-349556959
-347828214
-341968115
-341045119
-340432735
-323987125
-321764431
-320265666
-316786534
-316278393
-308396308
-306190377
-301029346
-292054398
-288519171
-287610766
-286060125
-285765658
-274725557
-267042293
-255780845
-255566025
-254134442
-253285781
-246300289
-237544950
-235675452
-235573933
-235504440
-223404547
-221782521
-205910004
-198140969
-196829077
-190602812
-190204124
-187323814
-183760130
-182022352
-181543679
-179890236
-175298076
-174306458
-170611098
-167017606
-161130204
-158424596
-147470904
-146288524
-140279162
-138918294
-130608514
-127594556
-126215078
-119453114
-113704850
-107422785
-101107859
-97342787
-95786636
-94423327
-93275052
-90458634
-88422549
-77525723
-71923452
-69902812
-67337662
-65460467
-57432523
-55796902
-53083213
-52373079
-44789016
-41507864
-33847546
-32446059
-28912077
-25772835
-24979046
-20790578
-19882105
-15095123
-7786441
-3492949
2493578
5444343
6503368
9104171
10530951
13566950
13902791
14804924
15064220
17223977
18602714
20563563
31575305
38581633
39752512
45838366
60857798
63360472
70646248
71861579
77463166
77481033
78789591
80026225
80534877
84314786
86353082
94724355
95980443
104059288
111227174
113716028
118710662
122928719
126508316
128613418
130688802
133310214
136035440
136474766
154412338
164272435
192446914
196511091
197655430
197903184
201305028
201430830
217975097
218738050
219215195
227187042
228418238
230734091
233864715
235494381
239082959
248730962
257238554
272960754
274421369
287248384
289152594
295130594
297034693
298761672
302672662
306637030
308561713
314451065
314931487
317424353
318990793
322524225
323222063
327845917
340078330
342843253
346308316
346472038
350649401
354653839
358243553
360876906
363297720
387276660
393005860
411994249
423062597
425841564
432382203
438004072
444838870
453501059
455307452
456367451
460090005
464240443
464723762
467944065
476363709
483941980
486118144
507053646
507060120
509827906
512540374
521109761
522242850
523886460
535133319
535282067
538387270
543379017
545506326
548643314
552566539
553071694
555471652
556325858
560745613
561259019
570887209
582385863
589199030
591143153
591311262
591696945
596394754
597073315
603029536
611826368
614620616
615053272
625850388
632572156
633864400
643323531
643338097
646009071
646715104
653097208
662725707
663394914
673056433
677681997
682583072
683855054
692292815
693043828
695272745
698253402
700524053
714932271
718631370
718943202
720198947
731030427
740987887
742915407
743041365
750579660
752120929
754251603
764520012
765365654
773406189
777325269
779159668
782744407
799913427
804801660
807315113
810997192
815115275
815324952
819799953
843656358
847117348
881179119
881478301
887563804
891600706
895680352
905901141
909257607
913134769
918448012
921104622
926871784
928282127
929906761
941185040
947353033
948655418
955150729
957388260
958963326
960759980
961699614
973048988
985957325
986131000
991066223
998738913
998740186
1002275873
1005235312
1019705418
1021300124
1029097591
1034997319
1039859323
1043994135
1044502668
1049338573
1049819707
1050620991
1050948713
1051118334
1052112200
1053848427
1055584115
1055806900
1057553991
1067261355
1076653512
1083147617
1084591981
1084908707
1100443234
1109686356
1116962550
1123153922
1126810252
1131528390
1132161211
1133007995
1133872371
1136184310
1145616417
1150675392
1151735405
1152044796
1166440997
1179724691
1188388401
1190025101
1194061612
1194278430
1196497546
1208283754
1219525795
1221216181
1222146469
1228692519
1232402052
1233123660
1233731502
1235753694
1237387157
1239759144
1245582340
1249962503
1252201646
1255616976
1258813646
1259655880
1273955101
1276554294
1277261614
1285399641
1293294860
1299206737
1302049274
1306384821
1311889202
1314630929
1315558584
1317950495
1322434410
1322483969
1332566138
1334149195
1336867096
1337314748
1339777433
1342447553
1346148782
1353174391
1354933805
1357353504
1361752209
1363907460
1368114256
1368223143
1369271302
1369771496
1373449941
1373659919
1376233128
1396363379
1396489804
1400575121
1404597381
1405439313
1412049514
1419279049
1419438303
1420657690
1421175491
1428927268
1433049376
1437756180
1440662999
1444320580
1454188592
1460376844
1462959878
1470623799
1473157282
1473172467
1485864347
1489460822
1490580579
1492925832
1499764014
1503814289
1506671894
1508228200
1508530415
1508690542
1510618250
1514415392
1522194749
1526192268
1531318749
1536238066
1536784962
1540928437
1544770104
1546936966
1554521094
1556331327
1563644796
1570401350
1572871549
1573879385
1581211193
1581714778
1587779038
1588353085
1594804135
1596480363
1598279873
1601501812
1604699455
1607024299
1615120387
1626850320
1634703098
1637769603
1647039058
1647043584
1652713325
1657787156
1662738747
1666695345
1674473914
1675235919
1685226184
1687083269
1687324105
1689370995
1689681479
1692966893
1694277519
1709333018
1724391081
1730545473
1731509184
1731924691
1735608507
1737483052
1737757931
1746945743
1757713832
1757854394
1764571319
1770461051
1773273061
1773278919
1773335758
1778668411
1805306525
1809459497
1810096739
1814742999
1822146883
1822890868
1824268916
1824844006
1825750999
1825968090
1827751221
1828933103
1833963554
1842366289
1847568346
1849223483
1854655488
1855493341
1858069926
1858994345
1865554062
1870211029
1876635670
1879142510
1887921211
1890159518
1891234473
1899787587
1904422352
1906898906
1910403141
1917751636
1918375292
1918839846
1918961649
1922679014
1923106339
1925055065
1926619988
1929345711
1930040488
1932023742
1932908451
1937266547
1939045175
1945584406
1947714967
1951428584
1952711208
1957580680
1980000209
1996611975
2001201374
2012516722
2021942702
2024408323
2029283541
2032314757
2033838396
2045628432
2049934200
2050231518
2050612183
2054290547
2057382973
2066078031
2067037916
2069575855
2070999654
2075096573
2090573342
2093235551
2094427711
2095728992
2097826245
2104360163
2110290803
2119580748
2120847237
2122299081
2125036735
2126413414
2128688548
2129776197
2134418663
2134641325
2135229919
2140809527
2143684811
