-1663339780
-1350199478
-1559533724
1978890117
-282344899
1027770727
539495135
1156979055
1768644318
-1500183111
1230988994
-1536008964
247050938
-1301756493
-966659227
2136687819
-1316817432
751144321
1151799275
-328761250
633605933
-867306131
2005440983
409988641
1204258738
-1785272956
818407909
497400234
470910454
1728620409
1537559063
857053761
236717061
-677072184
-173000435
-1555958365
1877193962
991532830
2080902809
1962273539
-1755755167
272673015
1059706258
-1290827183
131212241
-491301751
1407282920
1461697469
-405906568
1728068320
1656836601
1537383294
-166064409
1622572361
-102400478
-1115992626
1471294897
1713363700
-1543802473
-712339655
-114491041
1779467476
1557281143
-1830320873
368151974
-690107446
-732762342
-1598647721
1955086299
290131201
-1376569683
1343370365
1828888998
858685595
-1044868351
1664494829
874447606
1497484940
-1644387681
1130199657
-1230483660
-932409914
-1013999073
851961559
-1948155462
-1558900330
-2116579399
677653831
-556831354
-1192875699
-77566948
-286786507
1277873194
-515983838
-835087234
502224906
1894762503
610941783
-1950637580
-1789845016
-1826654790
-133182311
-1709065725
1366214311
1855647957
-499712340
487021686
119626265
-1169748015
-1172783545
26524273
-951672171
-1725766845
1626091836
-2060391739
-1995122509
2129294414
2101216732
1395822470
2139365203
1803712088
1935856792
1283244251
1703475172
184606720
1534818283
-327200492
-691325214
-1125015729
193756791
384744961
2067348640
-1279926995
-795337874
-1980144767
1804564039
-405830635
649869619
-1358642343
803760926
433192460
-1941138880
-1722354106
-1451509
1540120014
2029712457
-1950508460
845654873
-678402229
-23195231
-846933392
-929187141
-1250088111
-1219918627
824585020
-1280459376
246098569
1517284022
-851412702
1511967079
-792513625
-1158531533
-1209597013
1123040966
-123178787
-2003983609
1449628177
-324395993
-827238256
441182775
495725842
1156644162
313685325
-877683456
-1722373625
12864145
-1294386946
1032899062
-1132375244
317807889
-1652273320
-1539551120
-521060000
-2052154811
254419863
1756005923
1878801064
704498815
-248148627
-657976564
-718460272
-2086323358
818665783
-1391057005
1968146266
2005092514
-1813078159
1721069805
-952420198
-201812723
1671372652
960589761
291492618
-1134497329
433066301
-2087185138
2141666714
-514612751
760095480
84134219
1580536779
870821922
-1818847970
-910409265
-133605059
583097530
-736712109
1830078579
1776439942
679077883
-1194992044
427088245
1126340420
71515289
548935719
-375243874
-46288523
-474136964
157567891
-1076758873
-1484857851
-133512765
237977042
-1368929319
-165494104
1955622412
-628006523
-224258830
-1711919895
-72871438
86638055
-1393939121
507063939
423045846
-1602153147
-1017132729
-693687569
-1262508830
1415364269
599252948
-864441794
-1200744629
-811211035
1072564856
1346700584
1763246293
-769413986
-1613660323
1827356260
-1202141028
1578355689
-1771763266
248683833
-568817904
-149304086
396076166
1062395220
-1367614655
1164306890
-1217291466
1613039580
-604614564
1284497394
-1862511349
986663363
-667609228
1689329781
554249823
-305702049
-1992025722
-1123216435
-1769601969
161172792
123970998
-917674807
829707933
1696189987
328482783
809731782
-1714281512
2104508047
-1288547510
-1266685156
-1594760262
1606821150
575917500
-551380517
1131234256
-1304242057
691398325
-1420811849
-2039182752
602108506
1630115575
-135195840
-1695104122
1381261300
1867613253
2098297685
-1707271009
-1537006732
124544364
2107183322
-464121365
332536541
1125327494
1953237416
1062425197
-475963363
-1568524931
-930100539
153583126
-1786964385
-948302130
-705828908
991896098
2066921629
-1858436465
-1291639345
1740806080
890518904
-564559438
1718580466
-391862024
-1790368693
-1904893045
1161238010
-344186935
1467662205
-557235313
-220963185
589603729
357191702
1638610781
-1438854914
1678084273
-539703660
1448501506
-1175225558
438531696
108084479
1277272440
1349374148
738985759
1075084859
-958009488
682587321
-1088895362
-1466618212
300455505
1549051372
1366897246
-1565431361
-545529473
-1886764251
-2092326521
-1670387305
-1914128416
-1205688
-1678297893
713296582
-2108167269
1480423113
-1433454917
-1040367059
-1734720990
-613866657
10128552
721409990
119175282
-920562953
-1911808211
1422785200
-1456158823
1205478635
1272142845
-2008710517
-1948013192
-1821591437
-938330537
-1285033467
23723466
1333396315
218646961
600280757
-727810204
1083695094
1757086356
135111207
1677564350
577537618
427618757
1467693111
736745137
309060780
16035237
-1165562206
1322007682
170756902
1315300826
114272729
-179190754
277421750
-2012902099
734348057
1897099175
957515617
-1806942795
-1176140873
617268527
-848409175
-574080203
-1115881024
-1626558014
1451875140
-2010990654
-1933528639
-1683941207
-464874738
-232636759
-1861336606
-735210771
1409414207
-1733400178
2037289529
2135827226
1344552160
1752646616
-1168712100
-308354748
-375242886
-651886516
-1453691848
-85597362
-2078384111
-467999496
-599272416
-1497569943
356510800
1143116113
122304040
-2146535717
-1679342843
151192223
1180168372
162705153
423132878
-1403454823
1086172235
-2001490282
312055828
-1573082037
-1288843088
-159223499
-1004785095
580571967
-1029064909
250131228
765102093
1306892508
-1172623804
-1693651150
1028795269
723774472
46801480
1823062347
-1338078034
-2069090539
-566001745
-1226180439
773880798
-1237229607
-1811701178
426755781
2084510509
-786948578
-410524215
1310979663
-507383005
1924871229
428878780
-943159692
2051743410
-1860336124
-627938694
-30898594
-495730074
-1163818528
703568269
-1184617216
-2059648294
-1430474696
1989840704
-2139084525
-1398477203
224353558
-1747541133
-1135907493
431689270
850417676
-1732432979
119471406
1286705716
-1003170219
1687561335
674200886
995871946
577536825
1174510567
106990709
517206377
1887120054
-726355590
1594239369
1467894414
-521147812
1717976871
-1325357007
1949653743
492047480
-1129021520
-932971761
-310747664
-1876299404
1821263418
-492612177
-1823941796
-2136560771
557816608
-79271225
1793278544
-956878746
1055576579
1975372480
1691991930
25970124
-1288409819
-834656652
-101989757
-1644786823
-1200004617
166885945
578283209
1552828429
-2058579216
1379493150
-147508399
-1145512997
7443103
271724660
-2043943428
-1739063792
-1772616701
1345735567
1670594039
1527588890
-914609126
-1976287282
1318910328
-272772282
1883670711
-1093312297
-309429594
476802219
1112375448
1259846951
1712506840
1346118470
695828663
-931654967
498064130
-775949210
582818528
-1354773403
-1644366741
240097866
-1961363069
1732725372
-941693789
1511604487
-910902069
-1313014543
-1142259276
2068391343
-60877586
1350963402
593279895
284853167
-779047482
-36325833
-2011495447
444560505
405323681
-454802732
-769262370
1263838562
-640984748
461354027
-1458330763
1308624844
2132981654
532895356
-1346017043
-630726777
-2045887094
500995007
1524756343
1965151092
-1905270115
194981609
1994481196
-1827675029
-603838062
1259040622
2079752257
-1583649186
531494106
369950983
739124088
1715247038
980995112
216107957
-54433319
973001501
1553557317
-1174255612
-1011940702
-1382459628
499749408
442241940
2054848123
448573542
-37110232
1532348884
-1477430547
-307965339
-964963106
836560145
-1329635051
152127892
20979621
-626218065
-1692167276
1958442125
-1600628516
-326865483
2029086665
-1786976476
46283310
1564841614
-234211774
-321496115
-79946712
725260045
1098731118
-576071878
-449086709
5499825
1221900696
738255432
960918755
1580778282
1115076880
-136184293
1772000471
-1277359845
-1528532054
1304868487
624721859
1881594145
942769772
880146097
-1526639101
1162452500
1821863042
1713144822
2075909777
1847419276
398652021
-877149430
82628434
-1239609434
-1112987492
-326816924
286705324
505328392
76843218
23792857
-1239692709
1468329249
1911702376
1416989575
804478853
-1780928843
-915216547
1087174132
-819884021
-944606056
-1852778036
641259894
-267882207
-1950053191
985813157
915765460
-1783431392
-634378398
147047583
1373079853
1297179290
-1930676035
851644013
2022988056
-1836322129
-1465553255
922919727
1673709068
-1185707874
2046344814
1276093483
-590633982
-315950946
-2051387490
1411167676
-1186563240
-1186020370
-1370864131
431935882
1009369336
-1243785173
1343041683
-1217886214
-788271943
-445419551
-63561568
1607689448
-12250620
1507158115
-1351832353
-1001493613
1509351098
1182245086
968451343
-1176248872
2109416533
2051356332
449280430
-1632124253
-1312338099
-1608142107
1899142151
824434594
-350916420
-994607812
562322031
-785573318
426360388
-1329715193
-369853237
2117694398
1180019760
941681055
1463035220
-1112730402
89130457
-834218263
616806814
378018909
-2087999414
2003022644
1825560533
159786246
-1800617177
-1809749690
-1735271350
-1344555296
-250166326
1732215217
1995750189
868030368
1770737326
-2071778710
1946628764
-1734529442
-1401623792
1525130139
483432668
751464076
-776059693
-1700256329
-391263515
502988323
-725538653
2142868687
1873805091
364415774
1860607581
-874801884
-1932558214
1018135595
188990894
231593212
2002818443
1139583136
1377130746
1588567993
827922485
72295339
-1128924546
6098470
333021534
1176807117
-842420296
-788633580
559181043
1749563273
-1608831227
-1103918299
-1327769044
-294411176
390980492
-1097962777
550218772
-1258367777
-766391462
665648676
1820143176
1413966179
783586254
-613143177
-1457020418
-2102502020
-138569673
-185428190
-1110567095
1489019400
1794680507
-1635042273
-782559590
-889527710
-676483206
745892468
1561255562
1994909908
1979826674
-1449101109
141375958
-1185130935
-144704348
-1092671679
723792297
-1870028473
2056213240
1445443965
1228218401
-372404197
-725332643
49487365
440264459
-138239403
-1001642060
244758220
-1235726607
208215414
-2090798610
-518416626
-1511927209
747090151
411866867
1170164320
-1646372544
1339942189
-1745162811
-74483454
1020045559
-1531852197
-1669777179
-289211017
-1142191093
-2014996025
-2115782667
91504471
458946202
2086223616
866660254
1366943587
880061138
-1071186945
-1425110093
-936361766
2037129653
462003355
-530120810
-127476726
603831323
-819073726
-95467302
200099369
-1695449091
-1248302874
-717817815
1049815653
-675944976
-2006756812
-1654332312
-1256492999
1184594670
94940171
-1791087592
-1259721983
-1249748388
1596900651
1387358463
-298029360
1649853511
-752530643
-1213269497
804511361
-1664461839
-1465116494
-993949851
577701643
-108291444
-1740885281
-1603787523
-805315558
286663237
748595720
-335169788
-495654438
-1118757501
463753642
-967869209
-1088204779
-808237456
1636598687
-715200917
-1959994753
587641527
-298294644
-299297004
-1314993584
-1966104689
-2094313571
-1637827637
-1447353069
-1576699399
-2077194380
384636602
1854381246
1631430469
-1383523746
-227842694
-1495636735
895209945
285520839
-1294072464
-942765598
1498660405
1251665136
-704710029
940481417
851766321
1682040542
786545586
1912456024
-1931966327
1796933525
401238741
1924437566
-1135709541
-992201082
-1210132127
491272269
-215066002
383870021
1379401824
573023625
-1906427146
801614206
-1541353920
180630530
-1280330603
1008691497
-17207557
796369700
-1341518875
1843519996
-452693384
434850892
-1284583244
